10,211
10,217
10,223
10,215
10,153
10,213
269,3
10,209
269,2
269,1
269,0
10,83
257,3
257,1
256,3
256,1
11,8
255,3
255,1
250,3
250,1
249,3
249,1
247,3
247,1
245,3
245,1
244,3
244,1
20,3
20,2
20,1
19,3
19,2
19,1
12,3
12,2
12,1
11,30
11,29
11,27
11,26
11,24
11,23
11,21
11,19
11,15
11,14
11,12
11,10
11,6
11,5
11,4
11,3
11,2
11,1
10,276
10,271
10,262
10,256
10,236
10,226
10,221
10,149
10,135
10,134
10,93
10,67
10,26
10,21
10,13
10,3
10,2
10,1
9,7
9,6
9,5
9,4
9,3
18,1
9,2
9,1
8,18
8,17
8,14
8,12
8,11
8,10
8,9
8,8
8,7
18,3
8,6
8,5
8,4
8,3
14,1
8,2
8,1
3,1
3,3
14,3
13,1
13,3
2,2
2,1
2,3
3,2
0,0
274,34
274,33
